1.871 51.309 -89.915 4.072 13.938 17.326 55.809 -3.884 -21.422 -16.169 -28.332 -6.399 79.543
94.265 75.177 81.857 -22.891 -64.016 -78.252 -34.741 42.496 -5.614 -29.543 43.343 96.693 31.786 -75.528 47.999 -94.020 57.637 -64.775 -83.526 84.840
-88.438 -21.694 2.838 49.014 78.750 93.461 -29.715 31.709 53.986 -55.447 44.961 -62.111 -38.100 -34.486 -96.035 89.064 4.960 72.983
38.727 -94.324 -56.726 66.191 -23.569 -50.093 -100.919 77.293 66.034 -68.184 -90.501 45.371 -32.418 -74.981 -41.091 -45.939
99.267 -94.973 -71.184 -18.029 66.509 -35.486 57.412 45.944 22.977 7.460 72.241 -68.395 -26.596 -0.605 65.386 64.154 -100.984 84.312 -33.184
-53.237 77.954 73.416 1.364 -78.937 -94.186 -100.860 -97.812 -2.240 -90.796 20.120 -34.129 87.527 90.029
2.065 60.698 -58.548 -39.328 82.178 72.796 98.372 26.555 50.408 -50.032 -32.163
33.099 -27.600 52.969 20.369 7.712 70.513 -21.679 -99.353 -3.302 -55.120 -29.797 -92.475 44.672 -55.603 -57.194 -61.661 -57.562 -34.109
50.226 9.773 -3.803 67.100 -75.903 -16.902 -92.170 -3.856 -94.028 60.064 80.775 32.502 83.072 33.050 86.864 -73.915 81.831 -42.967 -28.996 40.329
-18.069 -41.326 -99.004 58.889 47.002 -98.446 93.091 10.703 -47.739 67.171 96.561 37.501 -72.297 -76.867 48.687 31.055 -36.234 12.864
7.201 -8.699 -64.316 -53.794 -43.898 57.582 -27.574 91.043 74.645 -31.119 -57.627 41.410 84.228
-86.494 9.895 6.808 6.257 -17.372 -31.547 -79.802 -55.429 -3.755 -72.656 -35.484 -31.151 22.100 9.533 -58.579 -63.796 -70.232 98.639
4.755 74.912 -42.060 -9.115 -80.890 16.483 -8.537 12.999 -82.806 47.465
27.019 -63.150 24.121 44.332 81.024 -75.927 44.936 -40.834 27.134 98.795 92.247 0.646 -51.487
-63.580 79.207 -32.113 -41.115 -38.754 45.894 0.685 48.444 -50.553 -3.212 -100.427 22.888 4.376 100.913 39.514 -57.374 11.861 -59.494
-84.690 79.898 49.467 -81.167 43.919 38.279 -51.810 -80.414 -9.479 -22.147 14.358 -92.186 34.649 -88.237 -3.497 25.460 -15.628 -98.234 -64.274 88.395
-60.827 68.179 20.456 55.428 73.174 -90.553 36.894 -65.465 57.463 -80.110 97.914
-8.120 18.352 -48.324 -39.090 -3.913 -81.180 -33.850 -81.027 83.261 -82.197
27.633 11.811 -22.724 -22.054 85.518 -16.315 6.701 90.296 48.343 90.618 4.925 30.120 -64.539 91.631 -70.821 -38.333 -42.963 -53.210 42.955
46.249 72.809 45.404 -17.490 -57.095 -14.323 100.912 48.553 -58.252 -77.813 36.425
